image: mymap_simulation.pgm
resolution: 0.050000
origin: [-15.728818, -9.650712, 0.0]
negate: 0
occupied_thresh: 0.65
free_thresh: 0.196
