0.358711557,0.36748032,0.376192903,0.38484824,0.393445274,0.401982957,0.410460244,0.418876101,0.4272295,0.435519421,0.443744852,0.451904788,0.459998234,0.468024201,0.475981711,0.48386979,0.491687478,0.499433819,0.507107869,0.51470869,0.522235356,0.529686947,0.537062555,0.54436128,0.551582232,0.558724529,0.5657873,0.572769684,0.579670828,0.586489892,0.593226044,0.599878461,0.606446333,0.612928858,0.619325247,0.625634718,0.631856504,0.637989844,0.644033992,0.64998821,0.655851772,0.661623965,0.667304083,0.672891434,0.678385338,0.683785124,0.689090135,0.694299723,0.699413254,0.704430105,0.709349664,0.714171331,0.71889452,0.723518653,0.728043168,0.732467514,0.736791151,0.741013552,0.745134202,0.749152601,0.753068258,0.756880695,0.760589449,0.764194068,0.767694112,0.771089155,0.774378783,0.777562595,0.780640205,0.783611236,0.786475326,0.789232128,0.791881304,0.794422533,0.796855505,0.799179923,0.801395504,0.803501978,0.805499089,0.807386593,0.809164261,0.810831876,0.812389235,0.813836148,0.815172439,0.816397944,0.817512516,0.818516018,0.819408328,0.820189337,0.820858949,0.821417085,0.821863675,0.822198665,0.822422014,0.822533696,0.822533696,0.822422014,0.822198665,0.821863675,0.821417085,0.820858949,0.820189337,0.819408328,0.818516018,0.817512516,0.816397944,0.815172439,0.813836148,0.812389235,0.810831876,0.809164261,0.807386593,0.805499089,0.803501978,0.801395504,0.799179923,0.796855505,0.794422533,0.791881304,0.789232128,0.786475326,0.783611236,0.780640205,0.777562595,0.774378783,0.771089155,0.767694112,0.764194068,0.760589449,0.756880695,0.753068258,0.749152601,0.745134202,0.741013552,0.736791151,0.732467514,0.728043168,0.723518653,0.71889452,0.714171331,0.709349664,0.704430105,0.699413254,0.694299723,0.689090135,0.683785124,0.678385338,0.672891434,0.667304083,0.661623965,0.655851772,0.64998821,0.644033992,0.637989844,0.631856504,0.625634718,0.619325247,0.612928858,0.606446333,0.599878461,0.593226044,0.586489892,0.579670828,0.572769684,0.5657873,0.558724529,0.551582232,0.54436128,0.537062555,0.529686947,0.522235356,0.51470869,0.507107869,0.499433819,0.491687478,0.48386979,0.475981711,0.468024201,0.459998234,0.451904788,0.443744852,0.435519421,0.4272295,0.418876101,0.410460244,0.401982957,0.393445274,0.38484824,0.376192903,0.36748032,0.358711557
0.363783741,0.372573741,0.381307386,0.38998361,0.398601354,0.407159567,0.415657204,0.42409323,0.432466615,0.440776337,0.449021384,0.457200749,0.465313435,0.473358452,0.48133482,0.489241566,0.497077726,0.504842344,0.512534474,0.520153177,0.527697526,0.535166601,0.54255949,0.549875294,0.55711312,0.564272086,0.57135132,0.578349959,0.58526715,0.59210205,0.598853827,0.605521657,0.612104729,0.61860224,0.625013399,0.631337424,0.637573546,0.643721004,0.64977905,0.655746946,0.661623965,0.66740939,0.673102519,0.678702656,0.68420912,0.689621241,0.694938359,0.700159827,0.705285009,0.710313281,0.71524403,0.720076657,0.724810573,0.729445201,0.733979977,0.73841435,0.742747778,0.746979735,0.751109706,0.755137187,0.759061689,0.762882733,0.766599855,0.770212602,0.773720534,0.777123224,0.780420259,0.783611236,0.786695767,0.789673477,0.792544004,0.795306998,0.797962122,0.800509055,0.802947485,0.805277116,0.807497664,0.809608859,0.811610445,0.813502177,0.815283826,0.816955174,0.818516018,0.819966168,0.821305449,0.822533696,0.82365076,0.824656506,0.82555081,0.826333565,0.827004675,0.827564058,0.828011645,0.828347384,0.828571233,0.828683164,0.828683164,0.828571233,0.828347384,0.828011645,0.827564058,0.827004675,0.826333565,0.82555081,0.824656506,0.82365076,0.822533696,0.821305449,0.819966168,0.818516018,0.816955174,0.815283826,0.813502177,0.811610445,0.809608859,0.807497664,0.805277116,0.802947485,0.800509055,0.797962122,0.795306998,0.792544004,0.789673477,0.786695767,0.783611236,0.780420259,0.777123224,0.773720534,0.770212602,0.766599855,0.762882733,0.759061689,0.755137187,0.751109706,0.746979735,0.742747778,0.73841435,0.733979977,0.729445201,0.724810573,0.720076657,0.71524403,0.710313281,0.705285009,0.700159827,0.694938359,0.689621241,0.68420912,0.678702656,0.673102519,0.66740939,0.661623965,0.655746946,0.64977905,0.643721004,0.637573546,0.631337424,0.625013399,0.61860224,0.612104729,0.605521657,0.598853827,0.59210205,0.58526715,0.578349959,0.57135132,0.564272086,0.55711312,0.549875294,0.54255949,0.535166601,0.527697526,0.520153177,0.512534474,0.504842344,0.497077726,0.489241566,0.48133482,0.473358452,0.465313435,0.457200749,0.449021384,0.440776337,0.432466615,0.42409323,0.415657204,0.407159567,0.398601354,0.38998361,0.381307386,0.372573741,0.363783741
0.36877566,0.377586538,0.38634089,0.395037648,0.403675753,0.41225415,0.420771795,0.42922765,0.437620684,0.445949874,0.454214205,0.462412671,0.470544272,0.478608019,0.486602927,0.494528024,0.502382345,0.510164931,0.517874836,0.525511121,0.533072855,0.540559117,0.547968997,0.555301591,0.562556006,0.569731361,0.576826779,0.583841399,0.590774366,0.597624835,0.604391974,0.611074957,0.617672973,0.624185216,0.630610896,0.636949229,0.643199445,0.649360783,0.655432492,0.661413835,0.667304083,0.673102519,0.678808437,0.684421145,0.689939957,0.695364204,0.700693225,0.705926372,0.711063008,0.716102508,0.721044259,0.725887661,0.730632123,0.735277068,0.739821932,0.744266162,0.748609217,0.752850569,0.756989702,0.761026113,0.76495931,0.768788816,0.772514164,0.776134902,0.779650589,0.783060797,0.786365113,0.789563133,0.79265447,0.795638746,0.7985156,0.801284682,0.803945654,0.806498193,0.80894199,0.811276745,0.813502177,0.815618014,0.817623998,0.819519887,0.821305449,0.822980467,0.824544738,0.825998072,0.827340291,0.828571233,0.829690747,0.830698699,0.831594965,0.832379436,0.833052017,0.833612626,0.834061195,0.83439767,0.834622009,0.834734185,0.834734185,0.834622009,0.83439767,0.834061195,0.833612626,0.833052017,0.832379436,0.831594965,0.830698699,0.829690747,0.828571233,0.827340291,0.825998072,0.824544738,0.822980467,0.821305449,0.819519887,0.817623998,0.815618014,0.813502177,0.811276745,0.80894199,0.806498193,0.803945654,0.801284682,0.7985156,0.795638746,0.79265447,0.789563133,0.786365113,0.783060797,0.779650589,0.776134902,0.772514164,0.768788816,0.76495931,0.761026113,0.756989702,0.752850569,0.748609217,0.744266162,0.739821932,0.735277068,0.730632123,0.725887661,0.721044259,0.716102508,0.711063008,0.705926372,0.700693225,0.695364204,0.689939957,0.684421145,0.678808437,0.673102519,0.667304083,0.661413835,0.655432492,0.649360783,0.643199445,0.636949229,0.630610896,0.624185216,0.617672973,0.611074957,0.604391974,0.597624835,0.590774366,0.583841399,0.576826779,0.569731361,0.562556006,0.555301591,0.547968997,0.540559117,0.533072855,0.525511121,0.517874836,0.510164931,0.502382345,0.494528024,0.486602927,0.478608019,0.470544272,0.462412671,0.454214205,0.445949874,0.437620684,0.42922765,0.420771795,0.41225415,0.403675753,0.395037648,0.38634089,0.377586538,0.36877566
0.373686669,0.382518067,0.39129277,0.400009709,0.408667823,0.417266057,0.425803365,0.434278707,0.442691052,0.451039374,0.459322658,0.467539896,0.475690087,0.483772239,0.491785369,0.499728501,0.507600669,0.515400915,0.523128289,0.530781851,0.538360671,0.545863825,0.553290402,0.560639497,0.567910216,0.575101676,0.582213001,0.589243326,0.596191796,0.603057566,0.609839802,0.616537677,0.623150378,0.629677101,0.636117051,0.642469446,0.648733513,0.654908491,0.660993628,0.666988185,0.672891434,0.678702656,0.684421145,0.690046205,0.695577153,0.701013317,0.706354036,0.71159866,0.716746553,0.721797087,0.726749651,0.73160364,0.736358467,0.741013552,0.74556833,0.750022247,0.754374763,0.758625347,0.762773485,0.766818671,0.770760414,0.774598235,0.778331668,0.781960258,0.785483566,0.788901163,0.792212634,0.795417576,0.7985156,0.80150633,0.804389402,0.807164466,0.809831185,0.812389235,0.814838305,0.817178097,0.819408328,0.821528726,0.823539033,0.825439006,0.827228414,0.828907039,0.830474678,0.831931139,0.833276247,0.834509837,0.83563176,0.83664188,0.837540073,0.838326231,0.839000258,0.839562072,0.840011605,0.840348803,0.840573625,0.840686042,0.840686042,0.840573625,0.840348803,0.840011605,0.839562072,0.839000258,0.838326231,0.837540073,0.83664188,0.83563176,0.834509837,0.833276247,0.831931139,0.830474678,0.828907039,0.827228414,0.825439006,0.823539033,0.821528726,0.819408328,0.817178097,0.814838305,0.812389235,0.809831185,0.807164466,0.804389402,0.80150633,0.7985156,0.795417576,0.792212634,0.788901163,0.785483566,0.781960258,0.778331668,0.774598235,0.770760414,0.766818671,0.762773485,0.758625347,0.754374763,0.750022247,0.74556833,0.741013552,0.736358467,0.73160364,0.726749651,0.721797087,0.716746553,0.71159866,0.706354036,0.701013317,0.695577153,0.690046205,0.684421145,0.678702656,0.672891434,0.666988185,0.660993628,0.654908491,0.648733513,0.642469446,0.636117051,0.629677101,0.623150378,0.616537677,0.609839802,0.603057566,0.596191796,0.589243326,0.582213001,0.575101676,0.567910216,0.560639497,0.553290402,0.545863825,0.538360671,0.530781851,0.523128289,0.515400915,0.507600669,0.499728501,0.491785369,0.483772239,0.475690087,0.467539896,0.459322658,0.451039374,0.442691052,0.434278707,0.425803365,0.417266057,0.408667823,0.400009709,0.39129277,0.382518067,0.373686669
0.378516138,0.387367694,0.39616239,0.404899155,0.413576926,0.422194648,0.430751273,0.43924576,0.447677075,0.456044193,0.464346096,0.472581776,0.480750229,0.488850464,0.496881494,0.504842344,0.512732045,0.520549639,0.528294175,0.535964711,0.543560315,0.551080064,0.558523043,0.565888348,0.573175085,0.580382366,0.587509317,0.594555071,0.601518772,0.608399574,0.61519664,0.621909145,0.628536273,0.635077219,0.641531189,0.647897397,0.654175072,0.660363449,0.666461778,0.672469317,0.678385338,0.68420912,0.689939957,0.695577153,0.701120024,0.706567895,0.711920105,0.717176004,0.722334955,0.727396329,0.732359514,0.737223906,0.741988914,0.74665396,0.751218477,0.755681911,0.76004372,0.764303375,0.768460358,0.772514164,0.776464302,0.780310292,0.784051667,0.787687973,0.791218767,0.794643622,0.797962122,0.801173864,0.804278458,0.807275528,0.810164708,0.812945649,0.815618014,0.818181477,0.820635727,0.822980467,0.825215412,0.827340291,0.829354845,0.831258831,0.833052017,0.834734185,0.836305132,0.837764667,0.839112611,0.840348803,0.841473092,0.842485341,0.843385428,0.844173242,0.84484869,0.845411688,0.845862169,0.846200077,0.846425372,0.846538027,0.846538027,0.846425372,0.846200077,0.845862169,0.845411688,0.84484869,0.844173242,0.843385428,0.842485341,0.841473092,0.840348803,0.839112611,0.837764667,0.836305132,0.834734185,0.833052017,0.831258831,0.829354845,0.827340291,0.825215412,0.822980467,0.820635727,0.818181477,0.815618014,0.812945649,0.810164708,0.807275528,0.804278458,0.801173864,0.797962122,0.794643622,0.791218767,0.787687973,0.784051667,0.780310292,0.776464302,0.772514164,0.768460358,0.764303375,0.76004372,0.755681911,0.751218477,0.74665396,0.741988914,0.737223906,0.732359514,0.727396329,0.722334955,0.717176004,0.711920105,0.706567895,0.701120024,0.695577153,0.689939957,0.68420912,0.678385338,0.672469317,0.666461778,0.660363449,0.654175072,0.647897397,0.641531189,0.635077219,0.628536273,0.621909145,0.61519664,0.608399574,0.601518772,0.594555071,0.587509317,0.580382366,0.573175085,0.565888348,0.558523043,0.551080064,0.543560315,0.535964711,0.528294175,0.520549639,0.512732045,0.504842344,0.496881494,0.488850464,0.480750229,0.472581776,0.464346096,0.456044193,0.447677075,0.43924576,0.430751273,0.422194648,0.413576926,0.404899155,0.39616239,0.387367694,0.378516138
0.383263445,0.392134796,0.400949125,0.409705359,0.418402435,0.427039295,0.435614889,0.444128176,0.452578121,0.460963696,0.469283884,0.477537673,0.48572406,0.493842052,0.501890661,0.509868909,0.517775829,0.525610458,0.533371847,0.541059051,0.548671138,0.556207183,0.56366627,0.571047494,0.578349959,0.585572777,0.592715073,0.599775978,0.606754635,0.613650198,0.620461828,0.627188699,0.633829995,0.640384909,0.646852645,0.653232419,0.659523455,0.665724991,0.671836274,0.677856562,0.683785124,0.689621241,0.695364204,0.701013317,0.706567895,0.712027262,0.717390757,0.722657728,0.727827538,0.732899557,0.737873172,0.742747778,0.747522785,0.752197612,0.756771692,0.761244472,0.765615407,0.769883969,0.774049638,0.77811191,0.782070292,0.785924304,0.789673477,0.793317358,0.796855505,0.800287488,0.80361289,0.80683131,0.809942355,0.812945649,0.815840828,0.818627541,0.821305449,0.823874227,0.826333565,0.828683164,0.830922738,0.833052017,0.835070742,0.836978668,0.838775564,0.840461212,0.842035407,0.843497959,0.84484869,0.846087437,0.847214048,0.848228389,0.849130335,0.849919777,0.850596619,0.85116078,0.851612191,0.851950797,0.852176557,0.852289444,0.852289444,0.852176557,0.851950797,0.851612191,0.85116078,0.850596619,0.849919777,0.849130335,0.848228389,0.847214048,0.846087437,0.84484869,0.843497959,0.842035407,0.840461212,0.838775564,0.836978668,0.835070742,0.833052017,0.830922738,0.828683164,0.826333565,0.823874227,0.821305449,0.818627541,0.815840828,0.812945649,0.809942355,0.80683131,0.80361289,0.800287488,0.796855505,0.793317358,0.789673477,0.785924304,0.782070292,0.77811191,0.774049638,0.769883969,0.765615407,0.761244472,0.756771692,0.752197612,0.747522785,0.742747778,0.737873172,0.732899557,0.727827538,0.722657728,0.717390757,0.712027262,0.706567895,0.701013317,0.695364204,0.689621241,0.683785124,0.677856562,0.671836274,0.665724991,0.659523455,0.653232419,0.646852645,0.640384909,0.633829995,0.627188699,0.620461828,0.613650198,0.606754635,0.599775978,0.592715073,0.585572777,0.578349959,0.571047494,0.56366627,0.556207183,0.548671138,0.541059051,0.533371847,0.525610458,0.517775829,0.509868909,0.501890661,0.493842052,0.48572406,0.477537673,0.469283884,0.460963696,0.452578121,0.444128176,0.435614889,0.427039295,0.418402435,0.409705359,0.400949125,0.392134796,0.383263445
0.387927978,0.396818761,0.405652362,0.414427708,0.423143733,0.431799378,0.440393593,0.448925335,0.457393566,0.46579726,0.474135396,0.482406962,0.490610953,0.498746375,0.506812239,0.514807567,0.522731387,0.53058274,0.538360671,0.546064237,0.553692503,0.561244544,0.568719443,0.576116293,0.583434196,0.590672266,0.597829624,0.604905402,0.61189874,0.618808792,0.625634718,0.632375691,0.639030894,0.645599518,0.652080768,0.658473857,0.66477801,0.670992462,0.67711646,0.683149262,0.689090135,0.694938359,0.700693225,0.706354036,0.711920105,0.717390757,0.722765328,0.728043168,0.733223637,0.738306105,0.743289958,0.748174591,0.752959411,0.75764384,0.762227308,0.766709261,0.771089155,0.775366458,0.779540654,0.783611236,0.787577709,0.791439595,0.795196424,0.798847741,0.802393104,0.805832083,0.809164261,0.812389235,0.815506613,0.818516018,0.821417085,0.824209462,0.826892812,0.829466808,0.831931139,0.834285507,0.836529626,0.838663224,0.840686042,0.842597836,0.844398373,0.846087437,0.847664821,0.849130335,0.850483801,0.851725055,0.852853947,0.85387034,0.854774111,0.85556515,0.856243362,0.856808664,0.857260988,0.857600279,0.857826495,0.857939611,0.857939611,0.857826495,0.857600279,0.857260988,0.856808664,0.856243362,0.85556515,0.854774111,0.85387034,0.852853947,0.851725055,0.850483801,0.849130335,0.847664821,0.846087437,0.844398373,0.842597836,0.840686042,0.838663224,0.836529626,0.834285507,0.831931139,0.829466808,0.826892812,0.824209462,0.821417085,0.818516018,0.815506613,0.812389235,0.809164261,0.805832083,0.802393104,0.798847741,0.795196424,0.791439595,0.787577709,0.783611236,0.779540654,0.775366458,0.771089155,0.766709261,0.762227308,0.75764384,0.752959411,0.748174591,0.743289958,0.738306105,0.733223637,0.728043168,0.722765328,0.717390757,0.711920105,0.706354036,0.700693225,0.694938359,0.689090135,0.683149262,0.67711646,0.670992462,0.66477801,0.658473857,0.652080768,0.645599518,0.639030894,0.632375691,0.625634718,0.618808792,0.61189874,0.604905402,0.597829624,0.590672266,0.583434196,0.576116293,0.568719443,0.561244544,0.553692503,0.546064237,0.538360671,0.53058274,0.522731387,0.514807567,0.506812239,0.498746375,0.490610953,0.482406962,0.474135396,0.46579726,0.457393566,0.448925335,0.440393593,0.431799378,0.423143733,0.414427708,0.405652362,0.396818761,0.387927978
0.392509137,0.401418987,0.410271498,0.419065596,0.427800214,0.436474292,0.445086777,0.453636626,0.462122801,0.470544272,0.478900019,0.487189027,0.495410292,0.503562816,0.51164561,0.519657695,0.5275981,0.53546586,0.543260023,0.550979643,0.558623784,0.56619152,0.573681932,0.581094114,0.588427167,0.595680201,0.602852338,0.609942708,0.616950451,0.623874719,0.630714673,0.637469482,0.64413833,0.650720407,0.657214915,0.663621069,0.669938092,0.676165217,0.682301691,0.688346771,0.694299723,0.700159827,0.705926372,0.71159866,0.717176004,0.722657728,0.728043168,0.733331672,0.738522598,0.743615319,0.748609217,0.753503688,0.758298138,0.762991987,0.767584666,0.772075619,0.776464302,0.780750184,0.784932746,0.78901148,0.792985894,0.796855505,0.800619845,0.804278458,0.807830902,0.811276745,0.814615571,0.817846976,0.820970567,0.823985968,0.826892812,0.829690747,0.832379436,0.834958552,0.837427783,0.83978683,0.842035407,0.844173242,0.846200077,0.848115666,0.849919777,0.851612191,0.853192704,0.854661124,0.856017273,0.857260988,0.858392117,0.859410524,0.860316086,0.861108692,0.861788247,0.862354669,0.862807889,0.863147851,0.863374516,0.863487855,0.863487855,0.863374516,0.863147851,0.862807889,0.862354669,0.861788247,0.861108692,0.860316086,0.859410524,0.858392117,0.857260988,0.856017273,0.854661124,0.853192704,0.851612191,0.849919777,0.848115666,0.846200077,0.844173242,0.842035407,0.83978683,0.837427783,0.834958552,0.832379436,0.829690747,0.826892812,0.823985968,0.820970567,0.817846976,0.814615571,0.811276745,0.807830902,0.804278458,0.800619845,0.796855505,0.792985894,0.78901148,0.784932746,0.780750184,0.776464302,0.772075619,0.767584666,0.762991987,0.758298138,0.753503688,0.748609217,0.743615319,0.738522598,0.733331672,0.728043168,0.722657728,0.717176004,0.71159866,0.705926372,0.700159827,0.694299723,0.688346771,0.682301691,0.676165217,0.669938092,0.663621069,0.657214915,0.650720407,0.64413833,0.637469482,0.630714673,0.623874719,0.616950451,0.609942708,0.602852338,0.595680201,0.588427167,0.581094114,0.573681932,0.56619152,0.558623784,0.550979643,0.543260023,0.53546586,0.5275981,0.519657695,0.51164561,0.503562816,0.495410292,0.487189027,0.478900019,0.470544272,0.462122801,0.453636626,0.445086777,0.436474292,0.427800214,0.419065596,0.410271498,0.401418987,0.392509137
0.397006333,0.405934883,0.41480594,0.42361843,0.432371283,0.441063439,0.449693844,0.458261452,0.466765224,0.475204131,0.483577149,0.491883264,0.50012147,0.508290767,0.516390166,0.524418687,0.532375355,0.540259208,0.54806929,0.555804655,0.563464365,0.571047494,0.578553122,0.585980341,0.593328251,0.600595961,0.607782592,0.614887274,0.621909145,0.628847356,0.635701066,0.642469446,0.649151675,0.655746946,0.662254459,0.668673425,0.675003069,0.681242624,0.687391334,0.693448456,0.699413254,0.705285009,0.711063008,0.716746553,0.722334955,0.727827538,0.733223637,0.738522598,0.743723782,0.748826557,0.753830307,0.758734426,0.76353832,0.768241408,0.77284312,0.777342901,0.781740204,0.786034499,0.790225265,0.794311996,0.798294196,0.802171384,0.80594309,0.809608859,0.813168247,0.816620823,0.819966168,0.82320388,0.826333565,0.829354845,0.832267355,0.835070742,0.837764667,0.840348803,0.842822839,0.845186475,0.847439425,0.849581417,0.851612191,0.853531501,0.855339116,0.857034817,0.858618398,0.860089668,0.861448449,0.862694577,0.863827901,0.864848283,0.865755601,0.866549744,0.867230617,0.867798136,0.868252235,0.868592856,0.86881996,0.868933519,0.868933519,0.86881996,0.868592856,0.868252235,0.867798136,0.867230617,0.866549744,0.865755601,0.864848283,0.863827901,0.862694577,0.861448449,0.860089668,0.858618398,0.857034817,0.855339116,0.853531501,0.851612191,0.849581417,0.847439425,0.845186475,0.842822839,0.840348803,0.837764667,0.835070742,0.832267355,0.829354845,0.826333565,0.82320388,0.819966168,0.816620823,0.813168247,0.809608859,0.80594309,0.802171384,0.798294196,0.794311996,0.790225265,0.786034499,0.781740204,0.777342901,0.77284312,0.768241408,0.76353832,0.758734426,0.753830307,0.748826557,0.743723782,0.738522598,0.733223637,0.727827538,0.722334955,0.716746553,0.711063008,0.705285009,0.699413254,0.693448456,0.687391334,0.681242624,0.675003069,0.668673425,0.662254459,0.655746946,0.649151675,0.642469446,0.635701066,0.628847356,0.621909145,0.614887274,0.607782592,0.600595961,0.593328251,0.585980341,0.578553122,0.571047494,0.563464365,0.555804655,0.54806929,0.540259208,0.532375355,0.524418687,0.516390166,0.508290767,0.50012147,0.491883264,0.483577149,0.475204131,0.466765224,0.458261452,0.449693844,0.441063439,0.432371283,0.42361843,0.41480594,0.405934883,0.397006333
0.401418987,0.410365869,0.419255108,0.428085627,0.436856356,0.445566234,0.454214205,0.462799223,0.471320247,0.479776246,0.488166196,0.496489081,0.504743893,0.512929634,0.521045311,0.529089943,0.537062555,0.544962183,0.552787871,0.56053867,0.568213644,0.575811863,0.583332407,0.590774366,0.59813684,0.605418937,0.612619777,0.619738488,0.626774209,0.633726088,0.640593284,0.647374967,0.654070315,0.660678519,0.667198779,0.673630307,0.679972324,0.686224063,0.692384768,0.698453693,0.704430105,0.710313281,0.716102508,0.721797087,0.727396329,0.732899557,0.738306105,0.743615319,0.748826557,0.753939189,0.758952597,0.763866174,0.768679326,0.77339147,0.778002038,0.782510472,0.786916226,0.791218767,0.795417576,0.799512145,0.803501978,0.807386593,0.811165521,0.814838305,0.8184045,0.821863675,0.825215412,0.828459306,0.831594965,0.834622009,0.837540073,0.840348803,0.843047861,0.84563692,0.848115666,0.850483801,0.852741037,0.854887103,0.856921738,0.858844697,0.860655747,0.862354669,0.863941258,0.865415322,0.866776683,0.868025176,0.869160651,0.87018297,0.871092009,0.871887659,0.872569823,0.873138419,0.873593379,0.873934646,0.874162181,0.874275955,0.874275955,0.874162181,0.873934646,0.873593379,0.873138419,0.872569823,0.871887659,0.871092009,0.87018297,0.869160651,0.868025176,0.866776683,0.865415322,0.863941258,0.862354669,0.860655747,0.858844697,0.856921738,0.854887103,0.852741037,0.850483801,0.848115666,0.84563692,0.843047861,0.840348803,0.837540073,0.834622009,0.831594965,0.828459306,0.825215412,0.821863675,0.8184045,0.814838305,0.811165521,0.807386593,0.803501978,0.799512145,0.795417576,0.791218767,0.786916226,0.782510472,0.778002038,0.77339147,0.768679326,0.763866174,0.758952597,0.753939189,0.748826557,0.743615319,0.738306105,0.732899557,0.727396329,0.721797087,0.716102508,0.710313281,0.704430105,0.698453693,0.692384768,0.686224063,0.679972324,0.673630307,0.667198779,0.660678519,0.654070315,0.647374967,0.640593284,0.633726088,0.626774209,0.619738488,0.612619777,0.605418937,0.59813684,0.590774366,0.583332407,0.575811863,0.568213644,0.56053867,0.552787871,0.544962183,0.537062555,0.529089943,0.521045311,0.512929634,0.504743893,0.496489081,0.488166196,0.479776246,0.471320247,0.462799223,0.454214205,0.445566234,0.436856356,0.428085627,0.419255108,0.410365869,0.401418987
0.405746532,0.414711376,0.42361843,0.432466615,0.44125486,0.449982103,0.458647287,0.467249363,0.475787291,0.484260037,0.492666578,0.501005895,0.509276979,0.517478831,0.525610458,0.533670877,0.541659112,0.549574197,0.557415176,0.565181099,0.572871028,0.580484032,0.588019191,0.595475593,0.602852338,0.610148532,0.617363295,0.624495752,0.631545043,0.638510314,0.645390725,0.652185441,0.658893644,0.66551452,0.672047271,0.678491106,0.684845246,0.691108924,0.697281381,0.703361873,0.709349664,0.71524403,0.721044259,0.726749651,0.732359514,0.737873172,0.743289958,0.748609217,0.753830307,0.758952597,0.763975467,0.768898311,0.773720534,0.778441553,0.783060797,0.787577709,0.791991743,0.796302365,0.800509055,0.804611303,0.808608616,0.812500509,0.816286512,0.819966168,0.823539033,0.827004675,0.830362674,0.833612626,0.836754138,0.83978683,0.842710335,0.845524302,0.848228389,0.85082227,0.853305632,0.855678174,0.857939611,0.860089668,0.862128087,0.86405462,0.865869036,0.867571115,0.869160651,0.870637453,0.872001341,0.873252152,0.874389734,0.87541395,0.876324676,0.877121802,0.877805232,0.878374883,0.878830686,0.879172587,0.879400544,0.879514529,0.879514529,0.879400544,0.879172587,0.878830686,0.878374883,0.877805232,0.877121802,0.876324676,0.87541395,0.874389734,0.873252152,0.872001341,0.870637453,0.869160651,0.867571115,0.865869036,0.86405462,0.862128087,0.860089668,0.857939611,0.855678174,0.853305632,0.85082227,0.848228389,0.845524302,0.842710335,0.83978683,0.836754138,0.833612626,0.830362674,0.827004675,0.823539033,0.819966168,0.816286512,0.812500509,0.808608616,0.804611303,0.800509055,0.796302365,0.791991743,0.787577709,0.783060797,0.778441553,0.773720534,0.768898311,0.763975467,0.758952597,0.753830307,0.748609217,0.743289958,0.737873172,0.732359514,0.726749651,0.721044259,0.71524403,0.709349664,0.703361873,0.697281381,0.691108924,0.684845246,0.678491106,0.672047271,0.66551452,0.658893644,0.652185441,0.645390725,0.638510314,0.631545043,0.624495752,0.617363295,0.610148532,0.602852338,0.595475593,0.588019191,0.580484032,0.572871028,0.565181099,0.557415176,0.549574197,0.541659112,0.533670877,0.525610458,0.517478831,0.509276979,0.501005895,0.492666578,0.484260037,0.475787291,0.467249363,0.458647287,0.449982103,0.44125486,0.432466615,0.42361843,0.414711376,0.405746532
0.40998841,0.418970846,0.427895347,0.436760834,0.445566234,0.454310483,0.462992524,0.471611306,0.480165789,0.488654937,0.497077726,0.505433135,0.513720156,0.521937787,0.530085035,0.538160914,0.546164449,0.554094673,0.561950626,0.569731361,0.577435935,0.58506342,0.592612892,0.600083439,0.60747416,0.61478416,0.622012557,0.629158478,0.636221058,0.643199445,0.650092796,0.656900278,0.663621069,0.670254357,0.67679934,0.683255228,0.689621241,0.69589661,0.702080578,0.708172397,0.714171331,0.720076657,0.725887661,0.73160364,0.737223906,0.742747778,0.748174591,0.753503688,0.758734426,0.763866174,0.768898311,0.773830231,0.778661337,0.783391047,0.788018789,0.792544004,0.796966146,0.801284682,0.805499089,0.809608859,0.813613496,0.817512516,0.821305449,0.824991836,0.828571233,0.832043207,0.835407339,0.838663224,0.841810467,0.84484869,0.847777525,0.850596619,0.853305632,0.855904235,0.858392117,0.860768976,0.863034526,0.865188493,0.867230617,0.869160651,0.870978363,0.872683533,0.874275955,0.875755438,0.877121802,0.878374883,0.879514529,0.880540603,0.881452981,0.882251553,0.882936222,0.883506906,0.883963535,0.884306056,0.884534426,0.884648618,0.884648618,0.884534426,0.884306056,0.883963535,0.883506906,0.882936222,0.882251553,0.881452981,0.880540603,0.879514529,0.878374883,0.877121802,0.875755438,0.874275955,0.872683533,0.870978363,0.869160651,0.867230617,0.865188493,0.863034526,0.860768976,0.858392117,0.855904235,0.853305632,0.850596619,0.847777525,0.84484869,0.841810467,0.838663224,0.835407339,0.832043207,0.828571233,0.824991836,0.821305449,0.817512516,0.813613496,0.809608859,0.805499089,0.801284682,0.796966146,0.792544004,0.788018789,0.783391047,0.778661337,0.773830231,0.768898311,0.763866174,0.758734426,0.753503688,0.748174591,0.742747778,0.737223906,0.73160364,0.725887661,0.720076657,0.714171331,0.708172397,0.702080578,0.69589661,0.689621241,0.683255228,0.67679934,0.670254357,0.663621069,0.656900278,0.650092796,0.643199445,0.636221058,0.629158478,0.622012557,0.61478416,0.60747416,0.600083439,0.592612892,0.58506342,0.577435935,0.569731361,0.561950626,0.554094673,0.546164449,0.538160914,0.530085035,0.521937787,0.513720156,0.505433135,0.497077726,0.488654937,0.480165789,0.471611306,0.462992524,0.454310483,0.445566234,0.436760834,0.427895347,0.418970846,0.40998841
0.414144077,0.423143733,0.432085312,0.440967734,0.449789926,0.458550822,0.467249363,0.475884499,0.484455186,0.492960389,0.501399082,0.509770244,0.518072864,0.52630594,0.534468477,0.54255949,0.550578002,0.558523043,0.566393655,0.574188887,0.581907798,0.589549456,0.597112939,0.604597332,0.612001732,0.619325247,0.62656699,0.633726088,0.640801677,0.647792902,0.654698921,0.661518898,0.66825201,0.674897446,0.681454402,0.687922088,0.694299723,0.700586537,0.706781771,0.712884677,0.71889452,0.724810573,0.730632123,0.736358467,0.741988914,0.747522785,0.752959411,0.758298138,0.76353832,0.768679326,0.773720534,0.778661337,0.783501139,0.788239355,0.792875415,0.797408757,0.801838837,0.806165118,0.810387079,0.814504212,0.818516018,0.822422014,0.826221729,0.829914705,0.833500495,0.836978668,0.840348803,0.843610495,0.846763349,0.849806985,0.852741037,0.85556515,0.858278984,0.86088221,0.863374516,0.865755601,0.868025176,0.87018297,0.87222872,0.874162181,0.87598312,0.877691316,0.879286563,0.88076867,0.882137457,0.88339276,0.884534426,0.885562319,0.886476313,0.8872763,0.887962182,0.888533877,0.888991316,0.889334443,0.889563218,0.889677612,0.889677612,0.889563218,0.889334443,0.888991316,0.888533877,0.887962182,0.8872763,0.886476313,0.885562319,0.884534426,0.88339276,0.882137457,0.88076867,0.879286563,0.877691316,0.87598312,0.874162181,0.87222872,0.87018297,0.868025176,0.865755601,0.863374516,0.86088221,0.858278984,0.85556515,0.852741037,0.849806985,0.846763349,0.843610495,0.840348803,0.836978668,0.833500495,0.829914705,0.826221729,0.822422014,0.818516018,0.814504212,0.810387079,0.806165118,0.801838837,0.797408757,0.792875415,0.788239355,0.783501139,0.778661337,0.773720534,0.768679326,0.76353832,0.758298138,0.752959411,0.747522785,0.741988914,0.736358467,0.730632123,0.724810573,0.71889452,0.712884677,0.706781771,0.700586537,0.694299723,0.687922088,0.681454402,0.674897446,0.66825201,0.661518898,0.654698921,0.647792902,0.640801677,0.633726088,0.62656699,0.619325247,0.612001732,0.604597332,0.597112939,0.589549456,0.581907798,0.574188887,0.566393655,0.558523043,0.550578002,0.54255949,0.534468477,0.52630594,0.518072864,0.509770244,0.501399082,0.492960389,0.484455186,0.475884499,0.467249363,0.458550822,0.449789926,0.440967734,0.432085312,0.423143733,0.414144077
0.418212997,0.4272295,0.436187787,0.445086777,0.453925397,0.462702579,0.471417262,0.480068397,0.488654937,0.497175848,0.5056301,0.514016672,0.522334554,0.53058274,0.538760235,0.546866054,0.554899216,0.562858754,0.570743707,0.578553122,0.586286059,0.593941583,0.601518772,0.60901671,0.616434494,0.623771229,0.631026029,0.638198019,0.645286334,0.65229012,0.65920853,0.666040731,0.672785898,0.679443219,0.686011889,0.692491117,0.698880121,0.70517813,0.711384386,0.717498139,0.723518653,0.729445201,0.735277068,0.741013552,0.74665396,0.752197612,0.75764384,0.762991987,0.768241408,0.77339147,0.778441553,0.783391047,0.788239355,0.792985894,0.79763009,0.802171384,0.806609228,0.810943087,0.815172439,0.819296773,0.823315593,0.827228414,0.831034765,0.834734185,0.838326231,0.841810467,0.845186475,0.848453848,0.851612191,0.854661124,0.857600279,0.860429302,0.863147851,0.865755601,0.868252235,0.870637453,0.872910967,0.875072504,0.877121802,0.879058616,0.88088271,0.882593866,0.884191878,0.885676552,0.887047709,0.888305185,0.889448828,0.8904785,0.891394076,0.892195448,0.892882516,0.893455201,0.893913431,0.894257151,0.894486322,0.894600914,0.894600914,0.894486322,0.894257151,0.893913431,0.893455201,0.892882516,0.892195448,0.891394076,0.8904785,0.889448828,0.888305185,0.887047709,0.885676552,0.884191878,0.882593866,0.88088271,0.879058616,0.877121802,0.875072504,0.872910967,0.870637453,0.868252235,0.865755601,0.863147851,0.860429302,0.857600279,0.854661124,0.851612191,0.848453848,0.845186475,0.841810467,0.838326231,0.834734185,0.831034765,0.827228414,0.823315593,0.819296773,0.815172439,0.810943087,0.806609228,0.802171384,0.79763009,0.792985894,0.788239355,0.783391047,0.778441553,0.77339147,0.768241408,0.762991987,0.75764384,0.752197612,0.74665396,0.741013552,0.735277068,0.729445201,0.723518653,0.717498139,0.711384386,0.70517813,0.698880121,0.692491117,0.686011889,0.679443219,0.672785898,0.666040731,0.65920853,0.65229012,0.645286334,0.638198019,0.631026029,0.623771229,0.616434494,0.60901671,0.601518772,0.593941583,0.586286059,0.578553122,0.570743707,0.562858754,0.554899216,0.546866054,0.538760235,0.53058274,0.522334554,0.514016672,0.5056301,0.497175848,0.488654937,0.480068397,0.471417262,0.462702579,0.453925397,0.445086777,0.436187787,0.4272295,0.418212997
0.422194648,0.431227623,0.440202246,0.449117437,0.457972119,0.466765224,0.475495692,0.484162469,0.492764511,0.501300779,0.509770244,0.518171884,0.526504687,0.534767648,0.542959769,0.551080064,0.559127552,0.567101264,0.575000238,0.582823521,0.590570171,0.598239254,0.605829844,0.613341026,0.620771896,0.628121557,0.635389123,0.642573718,0.649674477,0.656690542,0.663621069,0.670465222,0.677222176,0.683891116,0.69047124,0.696961753,0.703361873,0.70967083,0.715887862,0.722012221,0.728043168,0.733979977,0.739821932,0.74556833,0.751218477,0.756771692,0.762227308,0.767584666,0.77284312,0.778002038,0.783060797,0.788018789,0.792875415,0.79763009,0.802282242,0.80683131,0.811276745,0.815618014,0.819854591,0.823985968,0.828011645,0.831931139,0.835743977,0.8394497,0.843047861,0.846538027,0.849919777,0.853192704,0.856356413,0.859410524,0.862354669,0.865188493,0.867911654,0.870523825,0.873024691,0.87541395,0.877691316,0.879856512,0.88190928,0.883849371,0.885676552,0.887390602,0.888991316,0.8904785,0.891851975,0.893111576,0.894257151,0.895288563,0.896205686,0.89700841,0.89769664,0.898270291,0.898729295,0.899073596,0.899303153,0.899417939,0.899417939,0.899303153,0.899073596,0.898729295,0.898270291,0.89769664,0.89700841,0.896205686,0.895288563,0.894257151,0.893111576,0.891851975,0.8904785,0.888991316,0.887390602,0.885676552,0.883849371,0.88190928,0.879856512,0.877691316,0.87541395,0.873024691,0.870523825,0.867911654,0.865188493,0.862354669,0.859410524,0.856356413,0.853192704,0.849919777,0.846538027,0.843047861,0.8394497,0.835743977,0.831931139,0.828011645,0.823985968,0.819854591,0.815618014,0.811276745,0.80683131,0.802282242,0.79763009,0.792875415,0.788018789,0.783060797,0.778002038,0.77284312,0.767584666,0.762227308,0.756771692,0.751218477,0.74556833,0.739821932,0.733979977,0.728043168,0.722012221,0.715887862,0.70967083,0.703361873,0.696961753,0.69047124,0.683891116,0.677222176,0.670465222,0.663621069,0.656690542,0.649674477,0.642573718,0.635389123,0.628121557,0.620771896,0.613341026,0.605829844,0.598239254,0.590570171,0.582823521,0.575000238,0.567101264,0.559127552,0.551080064,0.542959769,0.534767648,0.526504687,0.518171884,0.509770244,0.501300779,0.492764511,0.484162469,0.475495692,0.466765224,0.457972119,0.449117437,0.440202246,0.431227623,0.422194648
0.426088518,0.435137588,0.444128176,0.453059197,0.461929575,0.470738241,0.479484133,0.488166196,0.496783384,0.50533466,0.513818991,0.522235356,0.53058274,0.538860137,0.547066551,0.555200991,0.563262478,0.57125004,0.579162716,0.586999551,0.594759601,0.602441932,0.610045618,0.617569742,0.625013399,0.632375691,0.639655732,0.646852645,0.653965563,0.660993628,0.667935995,0.674791827,0.681560298,0.688240594,0.694831909,0.701333449,0.707744432,0.714064086,0.720291649,0.726426371,0.732467514,0.73841435,0.744266162,0.750022247,0.755681911,0.761244472,0.766709261,0.772075619,0.777342901,0.782510472,0.787577709,0.792544004,0.797408757,0.802171384,0.80683131,0.811387974,0.815840828,0.820189337,0.824432975,0.828571233,0.832603611,0.836529626,0.840348803,0.844060684,0.847664821,0.85116078,0.854548141,0.857826495,0.860995449,0.86405462,0.867003641,0.869842155,0.872569823,0.875186315,0.877691316,0.880084524,0.882365653,0.884534426,0.886590583,0.888533877,0.890364074,0.892080952,0.893684306,0.895173943,0.896549683,0.897811361,0.898958824,0.899991935,0.90091057,0.901714617,0.90240398,0.902978576,0.903438336,0.903783204,0.90401314,0.904128114,0.904128114,0.90401314,0.903783204,0.903438336,0.902978576,0.90240398,0.901714617,0.90091057,0.899991935,0.898958824,0.897811361,0.896549683,0.895173943,0.893684306,0.892080952,0.890364074,0.888533877,0.886590583,0.884534426,0.882365653,0.880084524,0.877691316,0.875186315,0.872569823,0.869842155,0.867003641,0.86405462,0.860995449,0.857826495,0.854548141,0.85116078,0.847664821,0.844060684,0.840348803,0.836529626,0.832603611,0.828571233,0.824432975,0.820189337,0.815840828,0.811387974,0.80683131,0.802171384,0.797408757,0.792544004,0.787577709,0.782510472,0.777342901,0.772075619,0.766709261,0.761244472,0.755681911,0.750022247,0.744266162,0.73841435,0.732467514,0.726426371,0.720291649,0.714064086,0.707744432,0.701333449,0.694831909,0.688240594,0.681560298,0.674791827,0.667935995,0.660993628,0.653965563,0.646852645,0.639655732,0.632375691,0.625013399,0.617569742,0.610045618,0.602441932,0.594759601,0.586999551,0.579162716,0.57125004,0.563262478,0.555200991,0.547066551,0.538860137,0.53058274,0.522235356,0.513818991,0.50533466,0.496783384,0.488166196,0.479484133,0.470738241,0.461929575,0.453059197,0.444128176,0.435137588,0.426088518
0.429894105,0.438958895,0.447965073,0.456911554,0.46579726,0.474621122,0.483382076,0.492079067,0.500711048,0.509276979,0.517775829,0.526206573,0.534568197,0.542859693,0.551080064,0.559228318,0.567303476,0.575304565,0.583230621,0.59108069,0.598853827,0.606549096,0.61416557,0.621702333,0.629158478,0.636533105,0.643825329,0.651034271,0.658159062,0.665198847,0.672152776,0.679020013,0.685799732,0.692491117,0.699093361,0.705605671,0.712027262,0.718357362,0.724595208,0.730740051,0.736791151,0.742747778,0.748609217,0.754374763,0.76004372,0.765615407,0.771089155,0.776464302,0.781740204,0.786916226,0.791991743,0.796966146,0.801838837,0.806609228,0.811276745,0.815840828,0.820300927,0.824656506,0.828907039,0.833052017,0.83709094,0.841023322,0.84484869,0.848566584,0.852176557,0.855678174,0.859071014,0.862354669,0.865528744,0.868592856,0.871546638,0.874389734,0.877121802,0.879742513,0.882251553,0.884648618,0.886933421,0.889105687,0.891165155,0.893111576,0.894944718,0.896664358,0.898270291,0.899762323,0.901140274,0.90240398,0.903553287,0.904588058,0.905508169,0.906313507,0.907003978,0.907579497,0.908039995,0.908385417,0.908615722,0.908730881,0.908730881,0.908615722,0.908385417,0.908039995,0.907579497,0.907003978,0.906313507,0.905508169,0.904588058,0.903553287,0.90240398,0.901140274,0.899762323,0.898270291,0.896664358,0.894944718,0.893111576,0.891165155,0.889105687,0.886933421,0.884648618,0.882251553,0.879742513,0.877121802,0.874389734,0.871546638,0.868592856,0.865528744,0.862354669,0.859071014,0.855678174,0.852176557,0.848566584,0.84484869,0.841023322,0.83709094,0.833052017,0.828907039,0.824656506,0.820300927,0.815840828,0.811276745,0.806609228,0.801838837,0.796966146,0.791991743,0.786916226,0.781740204,0.776464302,0.771089155,0.765615407,0.76004372,0.754374763,0.748609217,0.742747778,0.736791151,0.730740051,0.724595208,0.718357362,0.712027262,0.705605671,0.699093361,0.692491117,0.685799732,0.679020013,0.672152776,0.665198847,0.658159062,0.651034271,0.643825329,0.636533105,0.629158478,0.621702333,0.61416557,0.606549096,0.598853827,0.59108069,0.583230621,0.575304565,0.567303476,0.559228318,0.551080064,0.542859693,0.534568197,0.526206573,0.517775829,0.509276979,0.500711048,0.492079067,0.483382076,0.474621122,0.46579726,0.456911554,0.447965073,0.438958895,0.429894105
